# E F F_stat F_up F_low
# AMS 2000
# 
# E = E in eV
# F = Flux in (m^2 sr s ev)^-1
# F_low = lower error
# F_up = upper error
# 
261150000 0.00000154 0.000000016 7.377E-008 7.377E-008
369320000 0.00000156 9.9E-009 7.2201E-008 7.2201E-008
522300000 0.00000143 5.9E-009 7.0682E-008 7.0682E-008
725950000 0.0000012 3.9E-009 5.6074E-008 5.6074E-008
988690000 0.000000966 2.6E-009 4.4608E-008 4.4608E-008
1330800000 0.000000533 1.2E-009 2.4095E-008 2.4095E-008
2300500000 0.000000372 8E-010 1.6808E-008 1.6808E-008
2975800000 0.000000247 5.3E-010 1.1275E-008 1.1275E-008
3816800000 0.000000161 3.3E-010 7.3362E-009 7.3362E-009
4846600000 0.000000101 2E-010 4.5878E-009 4.5878E-009
6114500000 0.000000063 1.3E-010 2.8267E-009 2.8267E-009
7680900000 3.78E-008 8.4E-011 1.6759E-009 1.6759E-009
9592700000 2.26E-008 5.4E-011 0.000000001 0.000000001
11929000000 1.35E-008 3.6E-011 6.237E-010 6.237E-010
14814000000 7.86E-009 2.3E-011 3.6387E-010 3.6387E-010
18392000000 4.49E-009 1.5E-011 2.1297E-010 2.1297E-010
22774000000 2.66E-009 9.8E-012 1.2627E-010 1.2627E-010
28096000000 1.48E-009 6.1E-012 7.3123E-011 7.3123E-011
34613000000 8.56E-010 4E-012 4.2767E-011 4.2767E-011
42618000000 4.96E-010 2.7E-012 2.4792E-011 2.4792E-011
52468000000 2.84E-010 1.8E-012 1.4694E-011 1.4694E-011
64508000000 1.54E-010 1.2E-012 7.948E-012 7.948E-012
79232000000 8.62E-011 8E-013 4.4204E-012 4.4204E-012
97378000000 4.94E-011 5.5E-013 2.4867E-012 2.4867E-012
119400000000 2.9E-011 4E-013 1.7402E-012 1.7402E-012
146230000000 1.64E-011 2.7E-013 1.1093E-012 1.1093E-012
179550000000 9.39E-012 1.8E-013 1.0918E-012 1.0918E-012
