# E F F_stat F_low F_up
# BESS
# 
# E = E in eV
# F = Flux in (m^2 sr s ev)^-1
# F_low = lower error
# F_up = upper error
# 
205000000 4.774E-007 3.2E-009 0.000000045 0.000000045
218000000 5.069E-007 3.1E-009 4.26E-008 4.26E-008
231000000 5.321E-007 0.000000003 4.27E-008 4.27E-008
244000000 5.543E-007 2.9E-009 0.00000004 0.00000004
259000000 5.768E-007 2.8E-009 3.76E-008 3.76E-008
274000000 5.997E-007 2.7E-009 3.54E-008 3.54E-008
290000000 6.269E-007 2.6E-009 3.59E-008 3.59E-008
307000000 6.416E-007 2.5E-009 3.37E-008 3.37E-008
326000000 6.676E-007 2.5E-009 3.22E-008 3.22E-008
345000000 6.824E-007 2.4E-009 3.03E-008 3.03E-008
365000000 6.958E-007 2.3E-009 3.03E-008 3.03E-008
387000000 7.123E-007 2.2E-009 2.88E-008 2.88E-008
410000000 7.265E-007 2.2E-009 2.73E-008 2.73E-008
434000000 7.405E-007 2.1E-009 2.61E-008 2.61E-008
460000000 7.423E-007 0.000000002 2.57E-008 2.57E-008
487000000 7.481E-007 0.000000002 2.44E-008 2.44E-008
516000000 7.505E-007 1.9E-009 2.31E-008 2.31E-008
546000000 0.000000752 1.8E-009 0.000000022 0.000000022
579000000 7.488E-007 1.8E-009 2.17E-008 2.17E-008
613000000 7.439E-007 1.7E-009 2.05E-008 2.05E-008
649000000 0.000000734 1.6E-009 1.93E-008 1.93E-008
688000000 7.272E-007 1.6E-009 1.84E-008 1.84E-008
729000000 7.153E-007 1.5E-009 1.79E-008 1.79E-008
772000000 7.023E-007 1.4E-009 1.69E-008 1.69E-008
818000000 6.907E-007 1.4E-009 1.59E-008 1.59E-008
866000000 6.732E-007 1.3E-009 0.000000015 0.000000015
917000000 6.547E-007 1.3E-009 1.46E-008 1.46E-008
972000000 6.379E-007 1.2E-009 1.38E-008 1.38E-008
1029000000 6.169E-007 1.1E-009 0.000000013 0.000000013
1090000000 5.916E-007 1.1E-009 1.22E-008 1.22E-008
1155000000 5.688E-007 0.000000001 1.17E-008 1.17E-008
1223000000 5.485E-007 0.000000001 0.000000011 0.000000011
1296000000 5.222E-007 9E-010 1.03E-008 1.03E-008
1373000000 0.000000501 9E-010 9.7E-009 9.7E-009
1454000000 4.742E-007 8E-010 9.2E-009 9.2E-009
1540000000 4.508E-007 8E-010 8.6E-009 8.6E-009
1631000000 4.268E-007 7E-010 0.000000008 0.000000008
1728000000 4.024E-007 7E-010 7.5E-009 7.5E-009
1830000000 3.779E-007 7E-010 0.000000007 0.000000007
1939000000 3.555E-007 6E-010 6.5E-009 6.5E-009
2054000000 3.314E-007 6E-010 0.000000006 0.000000006
2175000000 3.098E-007 6E-010 5.6E-009 5.6E-009
2304000000 2.893E-007 5E-010 5.2E-009 5.2E-009
2441000000 2.691E-007 5E-010 4.8E-009 4.8E-009
2585000000 2.501E-007 5E-010 4.5E-009 4.5E-009
2739000000 2.315E-007 4E-010 4.1E-009 4.1E-009
2901000000 2.126E-007 4E-010 3.8E-009 3.8E-009
3073000000 1.969E-007 4E-010 3.5E-009 3.6E-009
3286000000 1.766E-007 3E-010 3.1E-009 3.3E-009
3548000000 1.564E-007 3E-010 2.7E-009 3.2E-009
3831000000 1.375E-007 2E-010 2.4E-009 3.2E-009
4137000000 1.204E-007 2E-010 2.1E-009 2.9E-009
4467000000 0.000000105 2E-010 1.8E-009 2.6E-009
4823000000 9.12E-008 1.7E-010 1.56E-009 2.4E-009
5208000000 7.877E-008 1.5E-010 1.35E-009 2.22E-009
5623000000 6.788E-008 1.4E-010 1.16E-009 0.000000002
6072000000 5.806E-008 1.2E-010 0.000000001 1.77E-009
6556000000 4.961E-008 1.1E-010 8.4E-010 1.53E-009
7079000000 4.23E-008 1E-010 7.2E-010 1.31E-009
7644000000 3.574E-008 9E-011 6E-010 1.14E-009
8254000000 3.038E-008 8E-011 5.1E-010 0.000000001
8912000000 2.547E-008 7E-011 4.3E-010 8.2E-010
9623000000 2.126E-008 6E-011 3.6E-010 6.8E-010
10490000000 1.743E-008 5E-011 2.9E-010 5.6E-010
11550000000 1.386E-008 4E-011 2.3E-010 4.4E-010
12710000000 0.000000011 3E-011 1.9E-010 3.5E-010
13990000000 8.709E-009 2.8E-011 1.48E-010 2.8E-010
15400000000 6.81E-009 2.4E-011 1.16E-010 2.2E-010
16950000000 5.35E-009 2E-011 9.1E-011 1.73E-010
18650000000 4.213E-009 1.7E-011 7.3E-011 1.36E-010
20530000000 3.266E-009 1.4E-011 5.7E-011 1.06E-010
22600000000 2.548E-009 1.2E-011 4.5E-011 8.3E-011
24870000000 0.000000002 1E-011 3.5E-011 6.4E-011
27380000000 1.53E-009 8E-012 2.8E-011 5E-011
30130000000 1.18E-009 7E-012 2.2E-011 3.9E-011
33480000000 8.948E-010 5.3E-012 1.67E-011 2.97E-011
37570000000 6.48E-010 4.3E-012 1.25E-011 2.18E-011
42150000000 4.746E-010 3.4E-012 9.4E-012 1.91E-011
47300000000 3.471E-010 2.8E-012 7.2E-012 1.2E-011
53070000000 2.562E-010 2.2E-012 5.5E-012 8.9E-012
59540000000 1.857E-010 1.8E-012 4.3E-012 6.7E-012
66810000000 1.355E-010 1.5E-012 3.2E-012 4.9E-012
74960000000 1.004E-010 1.2E-012 2.6E-012 3.8E-012
84100000000 7.248E-011 9.5E-013 1.99E-012 2.81E-012
94360000000 5.147E-011 7.6E-013 1.57E-012 2.11E-012
106500000000 3.918E-011 6.1E-013 1.32E-012 1.73E-012
121100000000 2.73E-011 4.8E-013 1.04E-012 1.3E-012
137600000000 1.914E-011 3.8E-013 8.4E-013 1E-012
156400000000 1.352E-011 3E-013 6.4E-013 7.5E-013
