#E F F_low F_up F_stat NOE
#GAMMA
#
# E = log(E) in eV
# F = Flux in (m^2 sr s ev)^-1
# F_low = lower error
# F_up = upper error
#
1.35E+015 1.202E-021 0 0 1.1E-023 11550
1.65E+015 7.037E-022 0 0 7.7E-024 8374
2.01E+015 4.09E-022 0 0 5.4E-024 5769
2.46E+015 2.285E-022 0 0 3.6E-024 3924
3.00E+015 1.297E-022 2E-023 1.6E-023 5.2E-025 59930
3.67E+015 7.677E-023 1.08E-023 8.6E-024 3.7E-025 43157
4.48E+015 4.401E-023 5.7E-024 4.5E-024 2.5E-025 30153
5.47E+015 2.524E-023 3E-024 2.4E-024 1.7E-025 20993
6.69E+015 1.372E-023 1.5E-024 1.2E-024 1.2E-025 13917
8.17E+015 7.506E-024 7.6E-025 6.2E-025 7.7E-026 9290
9.97E+015 3.984E-024 3.7E-025 3.1E-025 5.1E-026 5998
1.22E+016 2.166E-024 2.1E-025 1.7E-025 3.4E-026 3986
1.49E+016 1.148E-024 1.04E-025 8.7E-026 2.3E-026 2573
1.82E+016 6.19E-025 5.3E-026 4.5E-026 1.5E-026 1692
2.22E+016 3.5E-025 2.9E-026 2.5E-026 1E-026 1170
2.71E+016 1.927E-025 1.5E-026 1.3E-026 6.9E-027 781
3.31E+016 1.101E-025 8.8E-027 7.8E-027 4.7E-027 542
4.05E+016 5.56E-026 4.6E-027 4.2E-028 3E-027 334
4.94E+016 3.09E-026 2.7E-027 2.6E-028 2E-027 227
6.03E+016 1.99E-026 1.9E-027 1.8E-028 1.5E-027 178
7.37E+016 1.49E-026 1.4E-027 1.3E-028 1.2E-027 164
9.00E+016 5.72E-027 7.1E-028 7E-028 6.5E-028 77
1.10E+017 3.26E-027 4.7E-028 4.7E-028 4.4E-028 54
1.34E+017 1.84E-027 3.1E-028 3.1E-028 3E-028 34
1.64E+017 9.4E-028 2E-028 2E-028 1.9E-028 22
2.00E+017 4E-028 1.2E-028 1.2E-028 1.1E-028 12
2.45E+017 2.43E-028 8.2E-029 8.2E-029 8.1E-029 7
