# E F F_up F_low F_stat
#Kascade with QGSJet 
# 
# E = E in eV
# F = Flux in (m^2 sr s ev)^-1
# F_low = lower error
# F_up = upper error
# 
1.78E+015 6.54E-022 2.2E-022 2.2E-022 2.5E-023
2.24E+015 3.54E-022 7.5E-023 7.5E-023 1.3E-023
2.82E+015 1.8E-022 4.9E-023 4.9E-023 8E-024
3.55E+015 1.01E-022 2.2E-023 2.2E-023 5E-024
4.47E+015 4.9E-023 1E-023 1E-023 2.7E-024
5.62E+015 2.59E-023 5.6E-024 5.6E-024 1.8E-024
7.08E+015 1.2E-023 2.6E-024 2.6E-024 1.1E-024
8.91E+015 6.41E-024 1.35E-024 1.35E-024 6.2E-025
1.12E+016 2.81E-024 5.9E-025 5.9E-025 3.5E-025
1.41E+016 1.54E-024 3.3E-025 3.3E-025 2.2E-025
1.78E+016 6.24E-025 1.39E-025 1.39E-025 1.35E-025
2.24E+016 3.09E-025 6.4E-026 6.4E-026 7.8E-026
2.82E+016 1.98E-025 4.3E-026 4.3E-026 4.5E-026
3.55E+016 8.1E-026 1.93E-026 1.93E-026 2.52E-026
4.47E+016 4.22E-026 1.14E-026 1.14E-026 1.16E-026
5.62E+016 1.83E-026 7.9E-027 7.9E-027 7.4E-027
7.08E+016 1.37E-026 5.3E-027 5.3E-027 4E-027
8.91E+016 6.07E-027 4.02E-27 4.02E-27 2.87E-27
