# E F F_up F_low F_stat
#Kascade with Sybill
# 
# E = E in eV
# F = Flux in (m^2 sr s ev)^-1
# F_low = lower error
# F_up = upper error
# 
1.78E+015 6.33E-022 1.31E-022 1.31E-022 2.1E-023
2.24E+015 3.45E-022 7E-023 7E-023 1.4E-023
2.82E+015 1.8E-022 3.8E-023 3.8E-023 9E-024
3.55E+015 1E-022 2.2E-023 2.2E-023 5E-024
4.47E+015 4.91E-023 1.02E-023 1.02E-023 2.7E-024
5.62E+015 2.62E-023 5.5E-024 5.5E-024 1.4E-024
7.08E+015 1.36E-023 2.8E-024 2.8E-024 1E-024
8.91E+015 6.26E-024 1.3E-024 1.3E-024 4.6E-025
1.12E+016 3.63E-024 7.5E-025 7.5E-025 2.8E-025
1.41E+016 1.48E-024 3.1E-025 3.1E-025 1.4E-025
1.78E+016 7.57E-025 1.6E-026 1.6E-026 7.8E-026
2.24E+016 4.05E-025 8.7E-026 8.7E-026 5.1E-026
2.82E+016 1.87E-025 4.4E-026 4.4E-026 2.3E-026
3.55E+016 8.81E-026 2.38E-026 2.38E-026 1.4E-027
4.47E+016 3.65E-026 1.18E-026 1.18E-026 6.6E-027
5.62E+016 2.29E-026 8.9E-027 8.9E-027 4.5E-027
7.08E+016 9.29E-027 5.38E-027 5.38E-027 2.72E-027
8.91E+016 5.81E-027 4.31E-027 4.31E-027 2.07E-027

