# E F F_stat
# Tibet-III with QGS-Jet + HD
#  
#  E = E in eV
#  F = Flux in (m^2 sr s ev)^-1
#  F_low = lower error
#  F_up = upper error
# 
112000000000000 9.3E-019 2E-022
141000000000000 5.008E-019 1E-022
178000000000000 2.732E-019 1E-022
224000000000000 1.47E-019 1E-022
282000000000000 7.934E-020 4E-023
355000000000000 4.296E-020 3E-023
447000000000000 2.323E-020 2E-023
562000000000000 1.262E-020 1E-023
708000000000000 6.834E-021 8E-024
891000000000000 3.695E-021 5E-024
1120000000000000 2.001E-021 3E-024
1410000000000000 1.092E-021 2E-024
1780000000000000 5.947E-022 1.4E-024
2240000000000000 3.228E-022 9E-025
2820000000000000 1.738E-022 6E-025
3550000000000000 9.301E-023 4E-025
4470000000000000 4.692E-023 2.5E-025
5620000000000000 2.384E-023 1.6E-025
7080000000000000 1.159E-023 1E-025
8910000000000000 5.571E-024 6.1E-026
11200000000000000 2.631E-024 3.7E-026
14100000000000000 1.265E-024 2.3E-026
17800000000000000 6.631E-025 1.49E-026
22400000000000000 3.177E-025 9.2E-027
28200000000000000 1.651E-025 5.9E-027
35500000000000000 8.101E-026 3.7E-027
44700000000000000 3.614E-026 2.2E-027
56200000000000000 2.146E-026 1.51E-027
70800000000000000 9.764E-027 9.08E-028
89100000000000000 4.156E-027 5.28E-028
112000000000000000 2.694E-027 3.79E-028
141000000000000000 1.242E-027 2.29E-028
178000000000000000 5.31E-028 1.337E-028

