# E F F_stat
# Tibet-III with Sybill + HD
#  
#  E = E in eV
#  F = Flux in (m^2 sr s ev)^-1
#  F_low = lower error
#  F_up = upper error
# 
112000000000000 7.454E-019 2E-022
141000000000000 4.013E-019 1E-022
178000000000000 2.155E-019 1E-022
224000000000000 1.177E-019 1E-022
282000000000000 6.437E-020 4E-023
355000000000000 3.522E-020 2E-023
447000000000000 1.919E-020 2E-023
562000000000000 1.045E-020 1E-023
708000000000000 5.678E-021 7E-024
891000000000000 3.071E-021 5E-024
1120000000000000 1.671E-021 3E-024
1410000000000000 9.168E-022 2E-024
1780000000000000 4.993E-022 1.3E-024
2240000000000000 2.705E-022 9E-025
2820000000000000 1.47E-022 6E-025
3550000000000000 7.683E-023 3.6E-025
4470000000000000 3.902E-023 2.3E-025
5620000000000000 1.965E-023 1.4E-025
7080000000000000 9.51E-024 9E-026
8910000000000000 4.529E-024 5.5E-026
11200000000000000 2.202E-024 3.4E-026
14100000000000000 1.103E-024 2.2E-026
17800000000000000 5.818E-025 1.4E-026
22400000000000000 2.743E-025 8.6E-027
28200000000000000 1.454E-025 5.6E-027
35500000000000000 7.048E-026 3.45E-027
44700000000000000 3.12E-026 2.04E-027
56200000000000000 2.013E-026 1.46E-027
70800000000000000 8.343E-027 8.4E-028
89100000000000000 4.654E-027 5.59E-028
112000000000000000 2.585E-027 3.71E-028
141000000000000000 1.286E-027 2.33E-028
178000000000000000 5.647E-028 1.379E-028



